% 1.hodnota je x druha y a tretia priemer
hodnoty = [319 251 179
323 239 130
323 237 94
159 247 94
323 247 77
205 253 77
77 255 77
323 239 64
201 241 64
67 247 64
317 231 58
207 253 55
107 249 56
319 235 49
229 241 49
141 241 49
47 247 48
315 231 43
223 241 41
151 235 42
71 247 41
315 235 38
243 239 38
169 241 39
99 247 39
31 243 37
313 239 35
253 241 35
189 251 34
125 243 33
53 245 34
];